0.000000000000000000e+00 2.846713410690426826e-03 3.181212348863482475e-03
1.000000000000000000e+03 3.458559831415186636e-06 3.860199285554699600e-06
2.000000000000000000e+03 3.302764980617212132e-06 3.798598754656268284e-06
3.000000000000000000e+03 3.062231144213001244e-06 3.523044824760290794e-06
4.000000000000000000e+03 2.696316641959128901e-06 3.089271558565087616e-06
5.000000000000000000e+03 2.218516101493150927e-06 2.557895186328096315e-06
6.000000000000000000e+03 1.694869183666014578e-06 1.959350811375770718e-06
7.000000000000000000e+03 1.254002654604846612e-06 1.348680370938382111e-06
8.000000000000000000e+03 8.732507694730884396e-07 9.977323998100473545e-07
9.000000000000000000e+03 5.735992090194486082e-07 6.731656299052701797e-07
1.000000000000000000e+04 3.925862586129369447e-07 4.388811305489070946e-07
1.100000000000000000e+04 4.429624880231131101e-07 3.899865248513378901e-07
1.200000000000000000e+04 1.673458598361321492e-07 2.088497979002568172e-07
1.300000000000000000e+04 1.234365356594935292e-07 1.507681730572585366e-07
1.400000000000000000e+04 1.816018482259096345e-07 1.547589221218004241e-07
1.500000000000000000e+04 4.415372529820160707e-07 3.143855167309084209e-07
1.600000000000000000e+04 3.157316541546606459e-08 5.213907172674225876e-08
1.700000000000000000e+04 2.255285913577154133e-08 3.934844272635018569e-08
1.800000000000000000e+04 1.869579691060607729e-08 3.062209330551013409e-08
1.900000000000000000e+04 3.323146131606335985e-07 1.870264014769418282e-07
2.000000000000000000e+04 1.464665011496890656e-08 2.151892886104178615e-08
2.100000000000000000e+04 6.579109257387472098e-09 1.453278297702809141e-08
2.200000000000000000e+04 5.161573835010813127e-09 1.188152420894539318e-08
2.300000000000000000e+04 4.705577794084092602e-08 3.016799254851321166e-08
2.400000000000000000e+04 3.311079410650563659e-09 7.875472718410492234e-09
2.500000000000000000e+04 4.181743307185570302e-08 2.454283887232122652e-08
2.600000000000000000e+04 2.656955100377444978e-09 6.112025108251373240e-09
2.700000000000000000e+04 2.050888792126670523e-09 4.852289681167576418e-09
2.800000000000000000e+04 2.787577670915197814e-07 1.399092752762953751e-07
2.900000000000000000e+04 1.427057139125054164e-09 3.218864952359012932e-09
3.000000000000000000e+04 2.670097476453747731e-09 3.481809507377420232e-09
3.100000000000000000e+04 4.608578851872380255e-09 3.682253835179949419e-09
3.200000000000000000e+04 1.330178367453527244e-08 1.040438757371475731e-08
3.300000000000000000e+04 9.594300465209926188e-09 5.677699643769074100e-09
3.400000000000000000e+04 7.265503310094345579e-09 4.619930216165357706e-09
3.500000000000000000e+04 5.056728724639469874e-08 2.729422199365671986e-08
3.600000000000000000e+04 4.238183848315202340e-08 2.501416318523297377e-08
3.700000000000000000e+04 6.643620098500946369e-10 1.042494979230923491e-09
3.800000000000000000e+04 6.313419786962981561e-10 9.380503041001020392e-10
3.900000000000000000e+04 6.038609057235078126e-10 8.611826252113985447e-10
4.000000000000000000e+04 5.818090453857394095e-10 7.976912463902863237e-10
4.100000000000000000e+04 2.948742139352589220e-09 2.295190704160177120e-09
4.200000000000000000e+04 1.170933128236129050e-08 6.404957453298720793e-09
4.300000000000000000e+04 3.692799399601653931e-09 2.926541453618369815e-09
4.400000000000000000e+04 3.777656942816065566e-08 2.466897086605968070e-08
4.500000000000000000e+04 6.598861546081025153e-08 4.081334381567103264e-08
4.600000000000000000e+04 3.170924287587695289e-07 1.717330491146640270e-07
4.700000000000000000e+04 5.102726019501346855e-10 5.851477635765434115e-10
4.800000000000000000e+04 1.545618317777552875e-07 8.725896805117372423e-08
4.900000000000000000e+04 1.905342772445806077e-09 1.513696168409239817e-09
5.000000000000000000e+04 5.012734116682793228e-10 5.589321228072208214e-10
