2.449294e-16
1.253332e-01
2.486899e-01
3.681246e-01
4.817537e-01
5.877853e-01
6.845471e-01
7.705132e-01
8.443279e-01
9.048271e-01
9.510565e-01
9.822873e-01
9.980267e-01
9.980267e-01
9.822873e-01
9.510565e-01
9.048271e-01
8.443279e-01
7.705132e-01
6.845471e-01
5.877853e-01
4.817537e-01
3.681246e-01
2.486899e-01
1.253332e-01
-1.224647e-16
-1.253332e-01
-2.486899e-01
-3.681246e-01
-4.817537e-01
-5.877853e-01
-6.845471e-01
-7.705132e-01
-8.443279e-01
-9.048271e-01
-9.510565e-01
-9.822873e-01
-9.980267e-01
-9.980267e-01
-9.822873e-01
-9.510565e-01
-9.048271e-01
-8.443279e-01
-7.705132e-01
-6.845471e-01
-5.877853e-01
-4.817537e-01
-3.681246e-01
-2.486899e-01
-1.253332e-01
0.000000e+00
1.253332e-01
2.486899e-01
3.681246e-01
4.817537e-01
5.877853e-01
6.845471e-01
7.705132e-01
8.443279e-01
9.048271e-01
9.510565e-01
9.822873e-01
9.980267e-01
9.980267e-01
9.822873e-01
9.510565e-01
9.048271e-01
8.443279e-01
7.705132e-01
6.845471e-01
5.877853e-01
4.817537e-01
3.681246e-01
2.486899e-01
1.253332e-01
1.224647e-16
-1.253332e-01
-2.486899e-01
-3.681246e-01
-4.817537e-01
-5.877853e-01
-6.845471e-01
-7.705132e-01
-8.443279e-01
-9.048271e-01
-9.510565e-01
-9.822873e-01
-9.980267e-01
-9.980267e-01
-9.822873e-01
-9.510565e-01
-9.048271e-01
-8.443279e-01
-7.705132e-01
-6.845471e-01
-5.877853e-01
-4.817537e-01
-3.681246e-01
-2.486899e-01
-1.253332e-01
-2.449294e-16
