-3.054045e-03
1.236042e-01
2.460786e-01
3.652521e-01
4.793018e-01
5.855832e-01
6.829334e-01
7.676516e-01
8.424445e-01
9.039876e-01
9.488455e-01
9.810825e-01
9.966053e-01
9.982198e-01
9.816718e-01
9.504935e-01
9.038315e-01
8.448796e-01
7.711252e-01
6.850613e-01
5.878179e-01
4.825794e-01
3.685280e-01
2.484159e-01
1.258323e-01
8.442476e-04
-1.253772e-01
-2.490622e-01
-3.679557e-01
-4.813958e-01
-5.873318e-01
-6.843896e-01
-7.705113e-01
-8.444735e-01
-9.053001e-01
-9.518371e-01
-9.825599e-01
-9.989446e-01
-9.986998e-01
-9.833172e-01
-9.519337e-01
-9.063786e-01
-8.453838e-01
-7.720576e-01
-6.856490e-01
-5.892580e-01
-4.831444e-01
-3.698716e-01
-2.498071e-01
-1.271575e-01
-1.887821e-03
1.237806e-01
2.470190e-01
3.662945e-01
4.801217e-01
5.858530e-01
6.832367e-01
7.693317e-01
8.427639e-01
9.037442e-01
9.501877e-01
9.816779e-01
9.974530e-01
9.977314e-01
9.822264e-01
9.510783e-01
9.050958e-01
8.447198e-01
7.710855e-01
6.856688e-01
5.889853e-01
4.831866e-01
3.699089e-01
2.507344e-01
1.272455e-01
2.023794e-03
-1.236176e-01
-2.464439e-01
-3.656036e-01
-4.791185e-01
-5.855318e-01
-6.822959e-01
-7.685951e-01
-8.424541e-01
-9.024750e-01
-9.493846e-01
-9.808835e-01
-9.968640e-01
-9.967989e-01
-9.815193e-01
-9.505361e-01
-9.044391e-01
-8.446571e-01
-7.708322e-01
-6.849390e-01
-5.886253e-01
-4.824173e-01
-3.697905e-01
-2.497436e-01
-1.264462e-01
-1.324318e-03
