0.000000000000000000e+00 1.215302501805126667e-03 1.364504685625433922e-03
1.000000000000000000e+03 3.330001391077530570e-06 3.805695769187877886e-06
2.000000000000000000e+03 3.110913212367449887e-06 3.581185637813177891e-06
3.000000000000000000e+03 2.753424269030801952e-06 3.169465117025538348e-06
4.000000000000000000e+03 2.236728050775127485e-06 2.576077804405940697e-06
5.000000000000000000e+03 1.667571950747515075e-06 1.922831188494456001e-06
6.000000000000000000e+03 1.181092216029355768e-06 1.366694959870073944e-06
7.000000000000000000e+03 8.185492106349556707e-07 9.130837383963807952e-07
8.000000000000000000e+03 6.827649485785514116e-07 8.197673651011427864e-07
9.000000000000000000e+03 3.440330260673363227e-07 4.165164000369259156e-07
1.000000000000000000e+04 2.233875022739084670e-07 2.811063382068823557e-07
1.100000000000000000e+04 1.447769335527482326e-07 1.873699204679724062e-07
1.200000000000000000e+04 1.038232895211876894e-07 1.315162876380782109e-07
1.300000000000000000e+04 6.398104801519366447e-08 9.040982007491038530e-08
1.400000000000000000e+04 4.276608578379637038e-08 6.281420894538314315e-08
1.500000000000000000e+04 2.821737687952463602e-08 4.423902311145866406e-08
1.600000000000000000e+04 2.553236200242281484e-08 3.624443323246850923e-08
1.700000000000000000e+04 1.608538013897486962e-08 2.496150663944263215e-08
1.800000000000000000e+04 1.149916695197816807e-08 1.870350452293223498e-08
1.900000000000000000e+04 1.276340988454194303e-08 1.628833778966054524e-08
2.000000000000000000e+04 5.354548360259059336e-09 1.088468604137915463e-08
2.100000000000000000e+04 4.098100525595782528e-09 8.625697489605954615e-09
2.200000000000000000e+04 3.463356677002593642e-07 1.861346277109987568e-07
2.300000000000000000e+04 6.867229451756884373e-09 8.317848632088953309e-09
2.400000000000000000e+04 5.389688340073917061e-07 2.930276252754993038e-07
2.500000000000000000e+04 2.395340814587143541e-09 3.945650028924774233e-09
2.600000000000000000e+04 5.888728793479458545e-08 4.126426134121174982e-08
2.700000000000000000e+04 1.836069962735109584e-08 1.521684822591851116e-08
2.800000000000000000e+04 1.331267451831763537e-08 7.590100103982422297e-09
2.900000000000000000e+04 9.598066785798664569e-10 1.839573271489314266e-09
3.000000000000000000e+04 1.119345949263106377e-09 1.774623004102693358e-09
3.100000000000000000e+04 9.895008368232538487e-09 7.528540457713006617e-09
3.200000000000000000e+04 1.056491227835465452e-09 1.353266276815645597e-09
3.300000000000000000e+04 7.095771747955836872e-10 1.024892837264701484e-09
3.400000000000000000e+04 7.217090813860238541e-10 9.775229514730199298e-10
3.500000000000000000e+04 1.309370567526002560e-08 9.467114203687287954e-09
3.600000000000000000e+04 6.128423324369691727e-10 8.473973744926865947e-10
3.700000000000000000e+04 5.537034164504461842e-10 7.346428465559995402e-10
3.800000000000000000e+04 2.060523840441419452e-08 1.436466767756883200e-08
3.900000000000000000e+04 3.926001301834958213e-09 2.230451823237444842e-09
4.000000000000000000e+04 5.295303084906777258e-10 6.316772660497349534e-10
4.100000000000000000e+04 5.734050456673855933e-10 6.322113943468821162e-10
4.200000000000000000e+04 5.115331491722940882e-10 6.029642340976693049e-10
4.300000000000000000e+04 3.612558474586080592e-09 2.229832096745099079e-09
4.400000000000000000e+04 4.997520175464842396e-10 5.710924511070913923e-10
4.500000000000000000e+04 1.672280447451157670e-08 1.044317610165990118e-08
4.600000000000000000e+04 4.930121311197410705e-10 5.582045936591839563e-10
4.700000000000000000e+04 4.923068064321967086e-10 5.546139658640925063e-10
4.800000000000000000e+04 4.894764038532173345e-10 5.478413278581228951e-10
4.900000000000000000e+04 1.028330975927360669e-09 9.038796378035840462e-10
5.000000000000000000e+04 5.987449980260350912e-10 5.853186269000332231e-10
