-4.485846e-04
3.570352e-01
7.157962e-01
1.048426e+00
1.331354e+00
1.546536e+00
1.686994e+00
1.751443e+00
1.744748e+00
1.671595e+00
1.537670e+00
1.352633e+00
1.126685e+00
8.762355e-01
6.155367e-01
3.622358e-01
1.311409e-01
-6.225026e-02
-2.113039e-01
-3.116761e-01
-3.618898e-01
-3.628447e-01
-3.181931e-01
-2.351577e-01
-1.241852e-01
-1.962185e-04
1.238110e-01
2.326722e-01
3.142620e-01
3.603381e-01
3.622746e-01
3.146365e-01
2.145703e-01
6.106889e-02
-1.368715e-01
-3.675861e-01
-6.169612e-01
-8.727976e-01
-1.122271e+00
-1.350541e+00
-1.539571e+00
-1.675266e+00
-1.748495e+00
-1.752989e+00
-1.685936e+00
-1.544601e+00
-1.331422e+00
-1.052478e+00
-7.233033e-01
-3.665429e-01
-8.996725e-04
3.659058e-01
7.208034e-01
1.049548e+00
1.329472e+00
1.545589e+00
1.687373e+00
1.751947e+00
1.744616e+00
1.670179e+00
1.537690e+00
1.354549e+00
1.129951e+00
8.777332e-01
6.145873e-01
3.600659e-01
1.307364e-01
-6.160522e-02
-2.092884e-01
-3.079705e-01
-3.580742e-01
-3.598769e-01
-3.174682e-01
-2.360568e-01
-1.248808e-01
1.791954e-03
1.282876e-01
2.385163e-01
3.193393e-01
3.618422e-01
3.596821e-01
3.104939e-01
2.121234e-01
6.497359e-02
-1.272728e-01
-3.573771e-01
-6.123090e-01
-8.756227e-01
-1.128047e+00
-1.352262e+00
-1.534604e+00
-1.666057e+00
-1.739827e+00
-1.749321e+00
-1.688499e+00
-1.550333e+00
-1.332592e+00
-1.043219e+00
-7.013326e-01
-3.405302e-01
2.514362e-03
