2.449294e-16
6.279052e-02
1.253332e-01
1.873813e-01
2.486899e-01
3.090170e-01
3.681246e-01
4.257793e-01
4.817537e-01
5.358268e-01
5.877853e-01
6.374240e-01
6.845471e-01
7.289686e-01
7.705132e-01
8.090170e-01
8.443279e-01
8.763067e-01
9.048271e-01
9.297765e-01
9.510565e-01
9.685832e-01
9.822873e-01
9.921147e-01
9.980267e-01
1.000000e+00
9.980267e-01
9.921147e-01
9.822873e-01
9.685832e-01
9.510565e-01
9.297765e-01
9.048271e-01
8.763067e-01
8.443279e-01
8.090170e-01
7.705132e-01
7.289686e-01
6.845471e-01
6.374240e-01
5.877853e-01
5.358268e-01
4.817537e-01
4.257793e-01
3.681246e-01
3.090170e-01
2.486899e-01
1.873813e-01
1.253332e-01
6.279052e-02
-1.224647e-16
-6.279052e-02
-1.253332e-01
-1.873813e-01
-2.486899e-01
-3.090170e-01
-3.681246e-01
-4.257793e-01
-4.817537e-01
-5.358268e-01
-5.877853e-01
-6.374240e-01
-6.845471e-01
-7.289686e-01
-7.705132e-01
-8.090170e-01
-8.443279e-01
-8.763067e-01
-9.048271e-01
-9.297765e-01
-9.510565e-01
-9.685832e-01
-9.822873e-01
-9.921147e-01
-9.980267e-01
-1.000000e+00
-9.980267e-01
-9.921147e-01
-9.822873e-01
-9.685832e-01
-9.510565e-01
-9.297765e-01
-9.048271e-01
-8.763067e-01
-8.443279e-01
-8.090170e-01
-7.705132e-01
-7.289686e-01
-6.845471e-01
-6.374240e-01
-5.877853e-01
-5.358268e-01
-4.817537e-01
-4.257793e-01
-3.681246e-01
-3.090170e-01
-2.486899e-01
-1.873813e-01
-1.253332e-01
-6.279052e-02
0.000000e+00
