-2.819300e-05
6.275886e-02
1.251394e-01
1.867512e-01
2.473260e-01
3.081486e-01
3.669621e-01
4.247774e-01
4.809160e-01
5.348714e-01
5.866229e-01
6.362717e-01
6.840712e-01
7.279651e-01
7.700986e-01
8.084759e-01
8.431652e-01
8.763033e-01
9.042700e-01
9.288569e-01
9.497951e-01
9.682620e-01
9.809523e-01
9.909243e-01
9.966622e-01
9.992842e-01
9.968749e-01
9.907499e-01
9.803161e-01
9.667121e-01
9.494284e-01
9.285489e-01
9.033350e-01
8.749560e-01
8.428255e-01
8.075151e-01
7.684962e-01
7.272877e-01
6.829314e-01
6.351929e-01
5.859444e-01
5.337864e-01
4.793944e-01
4.233479e-01
3.659445e-01
3.066802e-01
2.462462e-01
1.850004e-01
1.228674e-01
6.024963e-02
-2.717674e-03
-6.563991e-02
-1.280459e-01
-1.901639e-01
-2.516310e-01
-3.119681e-01
-3.711448e-01
-4.288290e-01
-4.847867e-01
-5.389658e-01
-5.909089e-01
-6.405665e-01
-6.878135e-01
-7.321889e-01
-7.737706e-01
-8.123508e-01
-8.478094e-01
-8.796523e-01
-9.083258e-01
-9.334144e-01
-9.545424e-01
-9.722531e-01
-9.860635e-01
-9.957095e-01
-1.001873e+00
-1.003592e+00
-1.001734e+00
-9.958519e-01
-9.861296e-01
-9.725632e-01
-9.551294e-01
-9.338858e-01
-9.088154e-01
-8.800399e-01
-8.485367e-01
-8.128619e-01
-7.745066e-01
-7.329779e-01
-6.888753e-01
-6.415015e-01
-5.918680e-01
-5.400655e-01
-4.856934e-01
-4.301044e-01
-3.727221e-01
-3.134825e-01
-2.534994e-01
-1.923240e-01
-1.298509e-01
-6.739336e-02
-5.366862e-03
