-6.476823e-03
5.594569e-02
1.181459e-01
1.802120e-01
2.411168e-01
3.017171e-01
3.607022e-01
4.181847e-01
4.743009e-01
5.284938e-01
5.809245e-01
6.302941e-01
6.776597e-01
7.221560e-01
7.639673e-01
8.023908e-01
8.377810e-01
8.697177e-01
8.982533e-01
9.230766e-01
9.445800e-01
9.621823e-01
9.756609e-01
9.853318e-01
9.911687e-01
9.932138e-01
9.911371e-01
9.850231e-01
9.751984e-01
9.616745e-01
9.440547e-01
9.228037e-01
8.978868e-01
8.694031e-01
8.373621e-01
8.020915e-01
7.637388e-01
7.222148e-01
6.778761e-01
6.307813e-01
5.811005e-01
5.291325e-01
4.750340e-01
4.189607e-01
3.617265e-01
3.026118e-01
2.421713e-01
1.808181e-01
1.191005e-01
5.645358e-02
-6.391946e-03
-6.898022e-02
-1.313928e-01
-1.932659e-01
-2.547683e-01
-3.148895e-01
-3.739000e-01
-4.314153e-01
-4.872252e-01
-5.411494e-01
-5.930677e-01
-6.424919e-01
-6.897663e-01
-7.337440e-01
-7.750037e-01
-8.138633e-01
-8.485996e-01
-8.807120e-01
-9.091768e-01
-9.340553e-01
-9.548361e-01
-9.721834e-01
-9.860935e-01
-9.956573e-01
-1.001256e+00
-1.003151e+00
-1.000966e+00
-9.953710e-01
-9.849061e-01
-9.711681e-01
-9.534392e-01
-9.318187e-01
-9.072639e-01
-8.783743e-01
-8.455703e-01
-8.108127e-01
-7.720022e-01
-7.303513e-01
-6.855699e-01
-6.388299e-01
-5.880613e-01
-5.363249e-01
-4.821255e-01
-4.263350e-01
-3.684255e-01
-3.099748e-01
-2.488758e-01
-1.870264e-01
-1.253702e-01
-6.364387e-02
-2.500452e-04
