7.347881e-16
3.740231e-01
7.304436e-01
1.052672e+00
1.326082e+00
1.538842e+00
1.682574e+00
1.752800e+00
1.749155e+00
1.675340e+00
1.538842e+00
1.350412e+00
1.123360e+00
8.726935e-01
6.141627e-01
3.632713e-01
1.343138e-01
-6.049913e-02
-2.117740e-01
-3.134796e-01
-3.632713e-01
-3.625743e-01
-3.164226e-01
-2.330638e-01
-1.233567e-01
1.224647e-16
1.233567e-01
2.330638e-01
3.164226e-01
3.625743e-01
3.632713e-01
3.134796e-01
2.117740e-01
6.049913e-02
-1.343138e-01
-3.632713e-01
-6.141627e-01
-8.726935e-01
-1.123360e+00
-1.350412e+00
-1.538842e+00
-1.675340e+00
-1.749155e+00
-1.752800e+00
-1.682574e+00
-1.538842e+00
-1.326082e+00
-1.052672e+00
-7.304436e-01
-3.740231e-01
0.000000e+00
3.740231e-01
7.304436e-01
1.052672e+00
1.326082e+00
1.538842e+00
1.682574e+00
1.752800e+00
1.749155e+00
1.675340e+00
1.538842e+00
1.350412e+00
1.123360e+00
8.726935e-01
6.141627e-01
3.632713e-01
1.343138e-01
-6.049913e-02
-2.117740e-01
-3.134796e-01
-3.632713e-01
-3.625743e-01
-3.164226e-01
-2.330638e-01
-1.233567e-01
-1.224647e-16
1.233567e-01
2.330638e-01
3.164226e-01
3.625743e-01
3.632713e-01
3.134796e-01
2.117740e-01
6.049913e-02
-1.343138e-01
-3.632713e-01
-6.141627e-01
-8.726935e-01
-1.123360e+00
-1.350412e+00
-1.538842e+00
-1.675340e+00
-1.749155e+00
-1.752800e+00
-1.682574e+00
-1.538842e+00
-1.326082e+00
-1.052672e+00
-7.304436e-01
-3.740231e-01
-7.347881e-16
