-1.023093e+00
-1.021083e+00
-1.018827e+00
-1.016695e+00
-1.014261e+00
-1.011765e+00
-1.009148e+00
-1.006449e+00
-1.003582e+00
-1.000568e+00
-9.974081e-01
-9.940249e-01
-9.906394e-01
-9.870784e-01
-9.831473e-01
-9.791600e-01
-9.749534e-01
-9.705591e-01
-9.658465e-01
-9.609334e-01
-9.558093e-01
-9.504403e-01
-9.448006e-01
-9.386818e-01
-9.323985e-01
-9.256946e-01
-9.188003e-01
-9.114220e-01
-9.036443e-01
-8.954331e-01
-8.867735e-01
-8.775827e-01
-8.680717e-01
-8.577585e-01
-8.470551e-01
-8.356254e-01
-8.235881e-01
-8.106408e-01
-7.968230e-01
-7.819185e-01
-7.658483e-01
-7.482497e-01
-7.283675e-01
-7.049050e-01
-6.765594e-01
-6.397228e-01
-5.892331e-01
-5.153872e-01
-4.050080e-01
-2.395189e-01
-4.083775e-04
3.161457e-01
6.826242e-01
1.041306e+00
1.341121e+00
1.556655e+00
1.689364e+00
1.749458e+00
1.744008e+00
1.673088e+00
1.537167e+00
1.345123e+00
1.114483e+00
8.679489e-01
6.195007e-01
3.736193e-01
1.392573e-01
-6.570348e-02
-2.233407e-01
-3.230194e-01
-3.646422e-01
-3.570539e-01
-3.101789e-01
-2.318449e-01
-1.286899e-01
-8.054938e-03
1.185609e-01
2.337109e-01
3.204178e-01
3.654456e-01
3.620318e-01
3.086912e-01
2.067229e-01
5.768553e-02
-1.336448e-01
-3.610307e-01
-6.136228e-01
-8.763793e-01
-1.130781e+00
-1.357679e+00
-1.540677e+00
-1.668851e+00
-1.739756e+00
-1.749177e+00
-1.692295e+00
-1.559282e+00
-1.341091e+00
-1.040247e+00
-6.834361e-01
-3.205537e-01
5.858280e-04
