-2.527803e-03
3.106486e-01
6.740836e-01
1.036408e+00
1.341456e+00
1.561463e+00
1.692312e+00
1.746450e+00
1.735517e+00
1.665245e+00
1.538074e+00
1.357269e+00
1.131009e+00
8.751000e-01
6.100975e-01
3.569862e-01
1.315713e-01
-5.896196e-02
-2.085257e-01
-3.113697e-01
-3.630880e-01
-3.638991e-01
-3.173879e-01
-2.331012e-01
-1.226402e-01
8.130372e-04
1.240214e-01
2.338549e-01
3.180589e-01
3.645398e-01
3.646383e-01
3.129580e-01
2.108414e-01
6.190208e-02
-1.293870e-01
-3.549140e-01
-6.068900e-01
-8.730475e-01
-1.130502e+00
-1.356476e+00
-1.536603e+00
-1.662551e+00
-1.732827e+00
-1.745074e+00
-1.693040e+00
-1.564036e+00
-1.344202e+00
-1.033315e+00
-6.652132e-01
-3.010813e-01
3.381640e-03
2.256331e-01
3.742680e-01
4.694747e-01
5.306193e-01
5.715486e-01
6.000689e-01
6.212794e-01
6.382931e-01
6.525420e-01
6.647071e-01
6.756176e-01
6.854745e-01
6.944162e-01
7.026047e-01
7.100815e-01
7.170285e-01
7.234353e-01
7.293712e-01
7.349375e-01
7.400516e-01
7.447289e-01
7.491337e-01
7.532328e-01
7.570432e-01
7.605656e-01
7.638198e-01
7.668647e-01
7.697197e-01
7.723831e-01
7.748615e-01
7.771722e-01
7.793721e-01
7.813829e-01
7.832855e-01
7.850331e-01
7.866963e-01
7.882303e-01
7.897173e-01
7.910432e-01
7.923158e-01
7.935413e-01
7.946540e-01
7.957109e-01
7.967476e-01
7.976631e-01
7.985145e-01
7.994055e-01
8.001965e-01
8.008870e-01
8.016065e-01
