0.000000000000000000e+00 5.985242314636707306e-03 6.102849729359149933e-03
1.000000000000000000e+03 3.624088549258885905e-06 4.135259587201289833e-06
2.000000000000000000e+03 3.193005568391527049e-06 3.658217792690265924e-06
3.000000000000000000e+03 3.029599156434414908e-06 3.497414581943303347e-06
4.000000000000000000e+03 2.771586423477856442e-06 3.197633986928849481e-06
5.000000000000000000e+03 2.387895165156805888e-06 2.752523641902371310e-06
6.000000000000000000e+03 1.896773369480797555e-06 2.183562173740938306e-06
7.000000000000000000e+03 1.466143089601246174e-06 1.792733542060886975e-06
8.000000000000000000e+03 1.005303147394442931e-06 1.174998487840639427e-06
9.000000000000000000e+03 6.941709216334857047e-07 8.076026460912544280e-07
1.000000000000000000e+04 4.949757226313522551e-07 5.929551321059989277e-07
1.100000000000000000e+04 3.068541047923645237e-07 3.705126516706513939e-07
1.200000000000000000e+04 2.287440992176925647e-07 2.516692916287865955e-07
1.300000000000000000e+04 1.418238184669462498e-07 1.837116911929115304e-07
1.400000000000000000e+04 9.046193838457838865e-08 1.205592639053065795e-07
1.500000000000000000e+04 6.074155578517093090e-08 8.527383243972508353e-08
1.600000000000000000e+04 4.156973432145605329e-08 6.165937094237960991e-08
1.700000000000000000e+04 2.894068451553266641e-08 4.563618105635214306e-08
1.800000000000000000e+04 2.297428025599401735e-08 3.583006247254161281e-08
1.900000000000000000e+04 1.495409307494810491e-08 2.688365086100930057e-08
2.000000000000000000e+04 1.116693937319723773e-08 2.140757082713662385e-08
2.100000000000000000e+04 1.382228731472423533e-08 2.016437505858448276e-08
2.200000000000000000e+04 6.710425104472506064e-09 1.434279539580529672e-08
2.300000000000000000e+04 5.408028691533672827e-09 1.195654153463010516e-08
2.400000000000000000e+04 5.625029775302436974e-09 1.115398884365959020e-08
2.500000000000000000e+04 4.198039693648070170e-09 9.141956525127170607e-09
2.600000000000000000e+04 3.109159152359097789e-09 7.375914101714897697e-09
2.700000000000000000e+04 2.676096899634217152e-09 6.390903362074595861e-09
2.800000000000000000e+04 2.303426782646056381e-09 5.494428467756051759e-09
2.900000000000000000e+04 4.325473526023415616e-07 2.406407588750880677e-07
3.000000000000000000e+04 6.015302460582461208e-07 3.024051409283856628e-07
3.100000000000000000e+04 1.929054693761145245e-09 3.403535897561482670e-09
3.200000000000000000e+04 1.382061798338440894e-09 3.025640404885621138e-09
3.300000000000000000e+04 1.262836279991574884e-09 2.671065812975825793e-09
3.400000000000000000e+04 1.117789083515674520e-09 2.272061205843556309e-09
3.500000000000000000e+04 1.013052086662469264e-09 1.999086896020685344e-09
3.600000000000000000e+04 9.269562895042327000e-10 1.761369827768533014e-09
3.700000000000000000e+04 1.308782193731872212e-09 2.082381156398582789e-09
3.800000000000000000e+04 8.889783353893676576e-10 1.491014978149962644e-09
3.900000000000000000e+04 1.097679058759126747e-09 1.274600536227410430e-09
4.000000000000000000e+04 2.539364274412037048e-09 1.875615218693837960e-09
4.100000000000000000e+04 9.710847681532186471e-10 1.053656273342085115e-09
4.200000000000000000e+04 1.444144581697059948e-09 1.422628792546731802e-09
4.300000000000000000e+04 5.749761839979328215e-07 2.899192566019337391e-07
4.400000000000000000e+04 1.819825712345846114e-07 1.079715943319570215e-07
4.500000000000000000e+04 4.066440908445656532e-07 2.062061099650236429e-07
4.600000000000000000e+04 7.944252367053650232e-09 4.516001350651777102e-09
4.700000000000000000e+04 1.134394906898705813e-07 5.444699979761935538e-08
4.800000000000000000e+04 2.046394698140829860e-08 1.275195771199832961e-08
4.900000000000000000e+04 6.299693211531121051e-09 3.586702268520980397e-09
5.000000000000000000e+04 6.094617077678776695e-08 3.689252991989633301e-08
