-8.407119661569595337e-02 9.957945346832275391e-01
-1.676839143037796021e-01 9.832010269165039062e-01
-2.503646016120910645e-01 9.622887969017028809e-01
-3.316106796264648438e-01 9.331758618354797363e-01
-4.108785092830657959e-01 8.960325717926025391e-01
-4.875749945640563965e-01 8.510858416557312012e-01
-5.610530972480773926e-01 7.986247539520263672e-01
-6.306128501892089844e-01 7.390057444572448730e-01
-6.955087780952453613e-01 6.726576089859008789e-01
-7.549636960029602051e-01 6.000853776931762695e-01
-8.081892132759094238e-01 5.218725204467773438e-01
-8.544125556945800781e-01 4.386809766292572021e-01
-8.929074406623840332e-01 3.512477278709411621e-01
-9.230278730392456055e-01 2.603787779808044434e-01
-9.442411661148071289e-01 1.669392287731170654e-01
-9.561571478843688965e-01 7.184062898159027100e-02
-9.585513472557067871e-01 -2.397461235523223877e-02
-9.513779878616333008e-01 -1.195505112409591675e-01
-9.347733855247497559e-01 -2.139356434345245361e-01
-9.090471267700195312e-01 -3.062009513378143311e-01
-8.746640086174011230e-01 -3.954563438892364502e-01
-8.322173953056335449e-01 -4.808648526668548584e-01
-7.823976874351501465e-01 -5.616539716720581055e-01
-7.259584665298461914e-01 -6.371237039566040039e-01
-6.636839509010314941e-01 -7.066511511802673340e-01
-5.963599681854248047e-01 -7.696922421455383301e-01
-5.247499346733093262e-01 -8.257803320884704590e-01
-4.495779871940612793e-01 -8.745235204696655273e-01
-3.715180456638336182e-01 -9.155997633934020996e-01
-2.911899685859680176e-01 -9.487515687942504883e-01
-2.091612815856933594e-01 -9.737811088562011719e-01
-1.259537637233734131e-01 -9.905446171760559082e-01
-4.205384105443954468e-02 -9.989488124847412109e-01
4.207430407404899597e-02 -9.989477396011352539e-01
1.259741187095642090e-01 -9.905415177345275879e-01
2.091814130544662476e-01 -9.737759828567504883e-01
2.912097573280334473e-01 -9.487445354461669922e-01
3.715373575687408447e-01 -9.155907034873962402e-01
4.495966732501983643e-01 -8.745126128196716309e-01
5.247678160667419434e-01 -8.257675766944885254e-01
