0.000000000000000000e+00 4.711442627012729645e-03 4.869342315942049026e-03
1.000000000000000000e+03 3.437841314735123888e-06 3.813721150436322205e-06
2.000000000000000000e+03 3.306061216790112667e-06 3.808603423749445938e-06
3.000000000000000000e+03 3.121371946690487675e-06 3.598083821998443455e-06
4.000000000000000000e+03 2.831195160979405046e-06 3.265570057919831015e-06
5.000000000000000000e+03 2.416505594737827778e-06 2.769070533759077080e-06
6.000000000000000000e+03 1.917308054544264451e-06 2.231321559520438313e-06
7.000000000000000000e+03 1.415731276210863143e-06 1.645082079448911827e-06
8.000000000000000000e+03 1.088407998395268805e-06 1.200828023684152868e-06
9.000000000000000000e+03 6.799388074796297587e-07 8.067481189755199011e-07
1.000000000000000000e+04 5.743880819863989018e-07 5.616528255814046133e-07
1.100000000000000000e+04 2.895675379477324896e-07 3.631834601947048213e-07
1.200000000000000000e+04 1.894015042580576846e-07 2.485905383764475118e-07
1.300000000000000000e+04 2.390946747254929505e-07 2.580307238986279117e-07
1.400000000000000000e+04 8.272448326351877768e-08 1.231137076729282853e-07
1.500000000000000000e+04 5.618435494625373394e-08 8.934578232810963527e-08
1.600000000000000000e+04 2.496742013136099558e-07 1.643299754050531192e-07
1.700000000000000000e+04 4.844077849952554971e-08 6.202778735087122186e-08
1.800000000000000000e+04 2.156722622714823956e-08 4.042852097541071998e-08
1.900000000000000000e+04 1.542979077839845559e-08 3.246671909096221498e-08
2.000000000000000000e+04 1.201702559683326399e-08 2.684971001087887998e-08
2.100000000000000000e+04 4.668273447805404430e-07 2.865068324808817124e-07
2.200000000000000000e+04 7.869112472747019638e-09 1.913374347850549384e-08
2.300000000000000000e+04 7.258191825343374148e-09 1.647088510026151198e-08
2.400000000000000000e+04 5.545099046599943904e-09 1.407856764501502767e-08
2.500000000000000000e+04 4.736246506098495956e-09 1.226127466225079843e-08
2.600000000000000000e+04 4.072391313059142703e-09 1.057648013613743387e-08
2.700000000000000000e+04 5.366083577484914713e-09 1.047470732373767532e-08
2.800000000000000000e+04 3.068564735642098640e-09 7.916882260872171173e-09
2.900000000000000000e+04 2.681546762417497121e-09 6.846108124847205545e-09
3.000000000000000000e+04 2.834525947292831916e-09 5.932482061155042175e-09
3.100000000000000000e+04 4.118025476174125288e-09 6.763999582659607768e-09
3.200000000000000000e+04 1.814303707270426003e-09 4.399833386514728772e-09
3.300000000000000000e+04 1.798373894246196869e-09 3.973687601188657936e-09
3.400000000000000000e+04 2.700781598363732883e-09 4.519932872426579706e-09
3.500000000000000000e+04 1.311002972848029913e-09 2.728984593858285734e-09
3.600000000000000000e+04 1.139069505384782133e-09 2.428381495889198050e-09
3.700000000000000000e+04 1.117121728455572338e-09 2.267986243253972134e-09
3.800000000000000000e+04 4.043848811363659479e-09 4.292107114167720283e-09
3.900000000000000000e+04 8.623018965536743963e-10 1.598941756775218437e-09
4.000000000000000000e+04 2.126051867890055291e-08 1.202309451997507495e-08
4.100000000000000000e+04 8.389977601552800479e-10 1.219024881038421881e-09
4.200000000000000000e+04 7.024353321227749802e-10 1.118736547844889628e-09
4.300000000000000000e+04 1.095387673899494985e-07 6.372167149493179750e-08
4.400000000000000000e+04 5.299432448424568065e-09 3.396257497456645069e-09
4.500000000000000000e+04 6.607765445920676939e-10 8.351956903851487368e-10
4.600000000000000000e+04 7.633916832006093500e-10 8.300357068335983968e-10
4.700000000000000000e+04 5.769237865216325645e-10 7.625757802998123225e-10
4.800000000000000000e+04 5.547379222647919050e-10 7.047689098982345968e-10
4.900000000000000000e+04 5.014738349018443841e-07 2.684813580344780348e-07
5.000000000000000000e+04 2.966808354543104542e-09 1.761085610674228974e-09
