0.000000000000000000e+00 9.359787218272686005e-03 9.478692896664142609e-03
1.000000000000000000e+03 4.332538992457557470e-06 5.807469733554171398e-06
2.000000000000000000e+03 3.201261961294221692e-06 3.580503062039497308e-06
3.000000000000000000e+03 3.034756446140818298e-06 3.503416337480302900e-06
4.000000000000000000e+03 2.790754933812422678e-06 3.225776026738458313e-06
5.000000000000000000e+03 2.426868149996153079e-06 2.809872739817365073e-06
6.000000000000000000e+03 1.938241439347621053e-06 2.250943907711189240e-06
7.000000000000000000e+03 1.438760364180780016e-06 1.680669242887233850e-06
8.000000000000000000e+03 1.018761622617603280e-06 1.189143063129449729e-06
9.000000000000000000e+03 7.099923209352709819e-07 8.358250624951324426e-07
1.000000000000000000e+04 4.729035367745382246e-07 5.892140961805125698e-07
1.100000000000000000e+04 4.597318365995306522e-07 5.385004442359786481e-07
1.200000000000000000e+04 1.973855887626996264e-07 2.608697116102121072e-07
1.300000000000000000e+04 1.302120864465905470e-07 1.799230773258386762e-07
1.400000000000000000e+04 8.654897243332015933e-08 1.262906295096399845e-07
1.500000000000000000e+04 5.920015766491815157e-08 9.080940799321979284e-08
1.600000000000000000e+04 6.204537328358128434e-08 7.565693493916114676e-08
1.700000000000000000e+04 2.843413859920929099e-08 4.915163032137570553e-08
1.800000000000000000e+04 2.007438482110046607e-08 3.789192604131130793e-08
1.900000000000000000e+04 1.464165944042861156e-08 2.932814346934264904e-08
2.000000000000000000e+04 3.470978171549177205e-08 3.369985890344651125e-08
2.100000000000000000e+04 1.026033125128833490e-08 1.987779540968404035e-08
2.200000000000000000e+04 6.772862271020585467e-09 1.578442621053000039e-08
2.300000000000000000e+04 5.989593176991547807e-08 3.767174305835396808e-08
2.400000000000000000e+04 4.485674942600326176e-09 1.095247625926276669e-08
2.500000000000000000e+04 3.721907004816671360e-09 9.307122184054605896e-09
2.600000000000000000e+04 3.127599068619701939e-09 7.844415783608837955e-09
2.700000000000000000e+04 2.673468557645719557e-09 6.648027905953313166e-09
2.800000000000000000e+04 2.269842758195750321e-09 5.584116280488160555e-09
2.900000000000000000e+04 1.960763551522859416e-09 4.757136906619052752e-09
3.000000000000000000e+04 1.719228870378231022e-09 3.993465114149330475e-09
3.100000000000000000e+04 6.170716915221419185e-08 3.806115600468729099e-08
3.200000000000000000e+04 1.301326268965397048e-09 2.894143369402968347e-09
3.300000000000000000e+04 1.255200721139715370e-09 2.457784864517975620e-09
3.400000000000000000e+04 1.170271324291149995e-09 2.351212780027367444e-09
3.500000000000000000e+04 1.746982114525508223e-09 2.740647708776577929e-09
3.600000000000000000e+04 3.027886208428753889e-08 1.892994561103478190e-08
3.700000000000000000e+04 1.574480457122717780e-08 9.033620962384247832e-09
3.800000000000000000e+04 7.496998577494196070e-10 1.292379425699152762e-09
3.900000000000000000e+04 5.769066557803625983e-09 3.702804285410365992e-09
4.000000000000000000e+04 4.074703241485622129e-08 1.988628284266269475e-08
4.100000000000000000e+04 6.492641424493683644e-10 9.031729253372589028e-10
4.200000000000000000e+04 5.922884405151762621e-10 8.275770069232635251e-10
4.300000000000000000e+04 5.892298315934851871e-10 7.579896710296907258e-10
4.400000000000000000e+04 2.059535653131661093e-09 1.457794773784826248e-09
4.500000000000000000e+04 5.513127732115208346e-10 7.023185366605844138e-10
4.600000000000000000e+04 3.120474545426077384e-08 1.726724896400355647e-08
4.700000000000000000e+04 5.259966906479007775e-10 6.347207759382911263e-10
4.800000000000000000e+04 1.320696441098334617e-08 7.828338866033845989e-09
4.900000000000000000e+04 6.681125652718833408e-10 6.497969384788859770e-10
5.000000000000000000e+04 5.068425124044040331e-10 5.788782786453339213e-10
