0 15.446734068000296 0.05657361607183702 0.3339457216262817 0.06045839667320251
1 12.451716805000615 0.001110139383818023 0.04658006113767624 0.04165740132331848
2 12.226326422998682 0.0005919001405709423 0.03470825654268265 0.02243179500102997
3 11.489168812000571 0.0004119351410190575 0.028501902371644974 0.031155075430870056
4 10.775948636000976 0.00033760304082534274 0.029732503294944763 0.023652939200401304
5 10.844533376999607 0.0003086287170299329 0.030474056720733642 0.024312768876552582
6 12.36951098100144 0.00023943076379509876 0.024924279674887657 0.02413160800933838
7 11.942923536998933 0.0002579475615857518 0.027620342284440994 0.028488163948059083
8 12.510752312000477 0.00016503039205417736 0.021079689741134642 0.013598452359437942
9 12.611398188000749 0.00018307940219528974 0.023830914080142974 0.017519527077674867
10 12.641800423998575 0.0001726494376271148 0.02264102806150913 0.017692276537418367
11 12.511376771999494 0.00015111823646293487 0.02126334224641323 0.020694304406642914
12 12.089957297999717 0.00014799664579186355 0.02178537939488888 0.03246001601219177
13 12.050489172999733 0.00017433942550269422 0.024272673279047013 0.023318770825862884
14 12.02981137399911 0.00016256986415100983 0.02354366087913513 0.022593389749526977
15 10.689327412001148 0.00014617591550631915 0.021012515470385552 0.011825944632291793
16 10.82705654900019 0.00011368919389497023 0.018911122396588327 0.009209744483232498
17 11.504431362000105 9.904323233058676e-05 0.017287843227386475 0.009400975108146668
18 12.005460492000566 9.540434044538415e-05 0.015706881955265997 0.02628809869289398
19 12.005392414999733 0.00014558568680513416 0.02232723568379879 0.01718953311443329
20 12.048971045000144 0.00012981266510905698 0.020750212997198106 0.012994267493486405
21 11.927356656999109 0.00012950438278494403 0.02116263735294342 0.02056791037321091
22 11.974861902999692 0.00014188518340233714 0.02110350652039051 0.021984626650810243
23 12.014536823000526 0.0001270354103689897 0.02101717309653759 0.02584627240896225
24 12.064151095000852 0.00010784207275719381 0.01856219330430031 0.02099068760871887
25 12.063862128999972 0.00010916325307334773 0.018801333278417588 0.02617310583591461
26 12.046491363000314 0.00011864539796079043 0.020679401636123657 0.019695805311203005
27 11.939231643000312 9.62013936987205e-05 0.017150968134403227 0.011701326072216033
28 11.514628871000241 7.876632511397475e-05 0.01606763142347336 0.011201671212911607
29 10.81628845600062 9.664962411989109e-05 0.017559414312243463 0.018085722029209137
30 10.770139203999861 8.155032195645617e-05 0.015560902044177056 0.008090935796499252
31 11.79927508900073 8.543572820599366e-05 0.016385484486818314 0.006836214959621429
32 11.950257509999574 8.87619147215446e-05 0.017570799589157103 0.01773143619298935
33 11.99737842200011 0.0001103510786924744 0.019562342628836632 0.018057661652565
34 12.003526967000653 9.446245425351663e-05 0.01844172814488411 0.0216654771566391
35 11.983114116001161 0.00010220907295661164 0.018730778768658637 0.02789908051490784
36 12.056303641998966 0.00012555667799460935 0.02055840626358986 0.025373789966106414
37 12.11301661700054 0.00011213639845664147 0.018743720635771753 0.023214925527572632
38 12.008885051000107 9.704128366138321e-05 0.019031576931476592 0.018442574441432952
39 12.030881657999998 9.97481150989188e-05 0.018576608061790467 0.01109215036034584
40 12.006204179000633 6.327889866952318e-05 0.01390157037973404 0.010593718737363816
41 12.116937202001282 7.595069389935816e-05 0.016835252702236174 0.008847159296274186
42 11.035125784001139 5.803103955258848e-05 0.014324000701308251 0.014063502848148345
43 10.984413177000533 5.627380962323514e-05 0.013231984212994576 0.0242398664355278
44 11.376225549000083 9.371111082145944e-05 0.018564387023448946 0.01587601512670517
45 12.577676270000666 7.469808671885403e-05 0.01586775980889797 0.01650993913412094
46 12.526040560998808 9.270364520489239e-05 0.01774704384803772 0.01323041170835495
47 12.526990237000064 7.113674520951463e-05 0.015196420475840569 0.00958935245871544
48 12.523451085999113 4.060515195305925e-05 0.010910335250198841 0.01959520399570465
49 12.491320724999241 8.91785401472589e-05 0.018555758565664292 0.019600035846233366
50 12.463008250999337 3.1467311573578626e-05 0.00976246952265501 0.007061377614736557
51 12.35447726700113 2.1026008207627457e-05 0.008128140412271024 0.008675018548965454
52 11.807820639000056 2.148149691947765e-05 0.008279251739382744 0.005607237219810486
53 10.73388446700119 1.947853588490034e-05 0.007239083178341389 0.009123835563659668
54 10.77870277799957 2.3942186462591053e-05 0.009435368113219739 0.006958711743354797
55 11.967347260999304 1.636794455407653e-05 0.006465072326362133 0.009914823323488236
56 12.395734339001137 2.4015935105126117e-05 0.0090536615177989 0.010288023799657821
57 12.413999358001092 2.4104526182782138e-05 0.009116517968475818 0.005215656831860542
58 12.372748280999076 1.8212269728792308e-05 0.007271013997495175 0.005928704217076301
59 12.401102040999831 2.147622969914664e-05 0.008352208316326142 0.009840690195560456
60 12.443513116999384 2.5320694248875952e-05 0.009467622563242913 0.008666833341121673
61 12.306258410999362 2.3371736333501758e-05 0.009329381458461284 0.010109739154577255
62 12.476368984000146 1.5168366153375246e-05 0.006824003219604492 0.004253172427415848
63 11.212261513999692 2.2824940410828278e-05 0.008448122814297677 0.012164488285779953
64 10.86503829999856 2.3565100291307318e-05 0.008843152903020382 0.007781317085027694
65 11.207577541999854 2.4350023923034315e-05 0.008954059563577175 0.009456950724124908
66 12.466500099000768 2.262318287648668e-05 0.008833806842565536 0.011832072734832763
67 12.402912819999983 1.320445809597004e-05 0.006198748044669628 0.006502179726958275
68 12.320331648999854 1.1916244748135796e-05 0.005793761312961578 0.004956880733370781
69 12.339847419998478 2.0725211165881773e-05 0.008306344598531723 0.006974461674690247
70 12.378902970998752 2.1112477088536253e-05 0.008700613640248775 0.010705790221691132
71 12.354876362998766 2.3212884880194906e-05 0.009355594992637634 0.010995619148015976
72 12.433975186999305 1.9012835264220484e-05 0.007992219671607018 0.014752263724803925
73 12.114077063999503 2.7040281966037584e-05 0.010016084268689156 0.009549830555915833
74 11.332635947001108 2.2701505440636537e-05 0.00884639845788479 0.005964304059743881
75 11.18313082000168 1.7723810615279944e-05 0.00745608475804329 0.005953288748860359
76 12.145824167999308 1.815348944546713e-05 0.00751516705006361 0.0052639394253492355
77 12.426446123999995 1.586739344020316e-05 0.006815837692469359 0.004180930480360985
78 12.44395043700024 9.973028677450201e-06 0.0055935257449746135 0.005506171509623527
79 12.44250692300011 2.2531572449224767e-05 0.008565451227128505 0.006681357324123382
80 12.47746202900089 2.4930801773734858e-05 0.009682998336851597 0.00869585618376732
81 12.393481189999875 1.862109072135354e-05 0.007911493219435215 0.007649188190698624
82 12.511982758000158 1.933182235006825e-05 0.008032175309956074 0.009622068107128144
83 12.73262898900066 2.1253384365991222e-05 0.008680082216858865 0.004816932529211044
84 11.969341373000134 2.4760518299444813e-05 0.009291545733809472 0.008386780321598054
85 11.47897981999995 2.388808257819619e-05 0.009403246238827705 0.009819219708442689
86 12.018355207999775 2.1718672951465123e-05 0.008920745857059955 0.009136038273572922
87 14.149183745999835 1.440051226381911e-05 0.006959808930754661 0.004055711030960083
88 12.638521610999305 1.079615078651841e-05 0.005658054456114769 0.004306039959192276
89 13.051974913998492 2.0657487521020812e-05 0.008511053867638112 0.006982091814279556
90 13.002192112000557 2.0459939469219536e-05 0.008709531947970391 0.007854485809803009
91 12.985832603000745 2.114124596118927e-05 0.008453556291759014 0.009364424645900727
92 11.940973106999081 2.2243995090320823e-05 0.008865400448441505 0.007157707065343857
93 13.03975631100002 1.9748307204281444e-05 0.008027314208447933 0.007643741071224213
94 12.091381786000056 1.6208067613661114e-05 0.007318827524781227 0.00450940914452076
95 12.026661133999369 2.114179309046449e-05 0.008582841999828816 0.010217353105545043
96 14.2510371139997 1.9679287775034026e-05 0.008145451560616494 0.007210348248481751
97 14.364761001999796 2.2066937053750734e-05 0.008727626860141753 0.0074887114763259885
98 13.810154078000778 1.764952015491872e-05 0.0076148583590984345 0.005543140843510628
99 13.667268065000826 9.631747927869582e-06 0.005297206994146109 0.004761869832873344
100 13.858728343000621 5.64081271249961e-06 0.003982056897133589 0.002641931213438511
101 13.710791482000786 4.2927952210902735e-06 0.003265339523553848 0.005490442290902137
102 14.101793099000133 6.089045189128228e-06 0.004305231098085642 0.0033915174379944802
103 13.366242557998703 4.015161936195e-06 0.002895899698138237 0.0027527760341763494
104 12.970523877000232 5.846128174198384e-06 0.003982420407235622 0.0024891886115074157
105 11.646451632001117 6.691270784813241e-06 0.004280498825013638 0.005595939382910729
106 11.66774588899898 8.056821461650544e-06 0.004962673306465149 0.0027963740006089212
107 12.406160041999101 7.175573198310304e-06 0.004594841197133064 0.004493075162172317
108 12.930327289999695 6.205281786151318e-06 0.004289839766919613 0.0025788314267992975
109 12.874003418000939 3.904839761617041e-06 0.0031168097518384456 0.0029697754234075547
110 12.893940259998999 6.831474570390128e-06 0.004649107675999403 0.0061165371537208555
111 12.945369447999838 4.787795736547196e-06 0.003320430651307106 0.0021803634241223334
112 12.8717680259997 3.203729153256063e-06 0.0026976300030946733 0.0037369582056999205
113 12.927479673000562 5.055661149526713e-06 0.003797169618308544 0.00535481221973896
114 12.934440204000566 5.450340490824601e-06 0.003909489493817091 0.004114603847265244
115 12.461348752998674 3.9412251010162435e-06 0.0030916105285286903 0.0034337884932756422
116 11.934764687999632 6.368651397679059e-06 0.004374492786824703 0.004658303260803223
117 12.323214299000028 5.693183434232196e-06 0.0040211379788815975 0.005210121497511864
118 13.108651825999914 6.769174651708454e-06 0.004724752604961396 0.003212631046772003
119 13.076104441001007 5.456058994468549e-06 0.0039007960222661496 0.006161901503801346
120 12.961982970999088 5.661179184244247e-06 0.0038996158204972742 0.004134327843785286
121 12.905333185999552 7.434940041548543e-06 0.004533004991710186 0.0036983834207057953
122 12.95708324000043 6.743401970652485e-06 0.004654150754213333 0.004569773897528649
123 12.916853226999592 5.928096516072401e-06 0.004389393031597137 0.0030790270864963533
124 13.05370148899965 4.526550877699265e-06 0.003577246930450201 0.0020366616547107695
125 12.928471610999622 3.186656435900659e-06 0.002906750775873661 0.0021772634983062743
126 11.56841484799952 5.146927720716121e-06 0.0037284830771386625 0.0033970662951469423
127 11.543503060000148 5.774755367156104e-06 0.004030591931194067 0.0030157746747136115
128 12.322189709999293 6.232605219338439e-06 0.0044797566793859005 0.00225847315043211
129 13.093622847000006 4.822038762313241e-06 0.0033735626339912415 0.003932446166872978
130 12.988861287998589 5.37562583417639e-06 0.003918633606284857 0.0030108312889933586
131 12.90436761700039 5.314516918701884e-06 0.0038643547147512434 0.00397611565887928
132 12.801634199000546 5.325446923620802e-06 0.0038189241513609884 0.0031513841822743416
133 12.875761192999562 6.724296670199692e-06 0.004651372041553259 0.006825556755065918
134 13.05693158699978 6.360194728358692e-06 0.004437637127935886 0.007835808992385864
135 12.920497666998926 6.139595509466744e-06 0.0044755394347012045 0.0018652732484042644
136 12.44960406700011 3.0636158385277666e-06 0.0028507487066090106 0.003002183362841606
137 11.712938229000429 5.3322032761116135e-06 0.003990456830710172 0.002764904797077179
138 12.144201068000257 3.7878390708101506e-06 0.0032775465808808804 0.002565620504319668
139 13.106801551999524 2.812224805666119e-06 0.002656117029488087 0.004090184718370438
140 13.415320349000467 4.430523624705529e-06 0.0036723071672022344 0.0019972269609570504
141 15.12702582699967 6.443249615131208e-06 0.004385281018912792 0.006261902451515197
142 13.294226153000636 4.149492145870681e-06 0.0035040494725108147 0.002362806238234043
143 12.518216155000118 2.913620941171757e-06 0.002651986442506313 0.0032680534571409227
144 12.698108893999233 3.4892047324319718e-06 0.0031674224250018597 0.002424032874405384
145 12.81441074400027 6.196813798169387e-06 0.004475568614900112 0.0035957811027765275
146 12.79950304399972 4.782299190537742e-06 0.003605254199355841 0.0035558556020259856
147 11.462613628998952 6.778615017992706e-06 0.004866197355091572 0.0044462718069553375
148 12.19410799599973 6.129449758418559e-06 0.004201929036527872 0.004589546620845795
149 12.59874084600051 6.73224870638478e-06 0.004217529099434614 0.007595440745353699
150 12.616275588999997 3.421568912926887e-06 0.002940729409456253 0.002067580483853817
151 12.656087837000086 1.7112561596377418e-06 0.0018988479655236005 0.0038126375526189803
152 12.690393155000493 1.7353554949295357e-06 0.001901390267536044 0.0018164875730872154
153 12.876931377999426 1.6079799922863458e-06 0.001717154597863555 0.003346612527966499
154 12.846606793998944 2.431020530480055e-06 0.0024826276749372483 0.0029805101454257964
155 13.055786997001633 1.6498825146982198e-06 0.0018984482120722533 0.0020925943925976754
156 14.076143408999997 2.0596278494622312e-06 0.002301465166732669 0.0020560656115412713
157 11.751701070999843 2.2301306660210684e-06 0.0024086985774338246 0.003475883826613426
158 11.688187720001224 1.6556267883061082e-06 0.0017656461019068957 0.0020283226296305655
159 13.066492582000137 1.4608119880676895e-06 0.0015599025785923003 0.0015294645354151726
160 13.179626488001304 1.7861791070572508e-06 0.0019176082722842692 0.002464046999812126
161 13.39867811500153 1.3796160089896148e-06 0.001606614852324128 0.0017299998924136162
162 13.239975783000773 1.928591717899053e-06 0.0020499953832477332 0.0020155254378914833
163 13.100113390999468 1.5003628755039244e-06 0.0017323219664394855 0.0029553576186299325
164 13.070316864999768 2.4608878050003114e-06 0.0025139693561941384 0.003311930298805237
165 12.997030680000535 2.0644561232074922e-06 0.0023009060323238373 0.0016791112907230854
166 11.856679689000885 1.2612077824769585e-06 0.0014849728737026454 0.0015073213540017605
167 11.415665409000212 2.2603002327059585e-06 0.002376195238903165 0.0020124442502856255
168 11.669143735000034 2.0136180216923094e-06 0.0022992688696831464 0.0015364737063646317
169 12.924232068999117 1.9427048164288864e-06 0.0020432239528745413 0.0026717226579785346
170 12.807920753999497 1.745607263785587e-06 0.002039785761386156 0.002738945595920086
171 12.740081812000426 2.3842422012876342e-06 0.0025434970259666442 0.002075042016804218
172 12.746810271999493 1.8448815870897306e-06 0.0019666009787470103 0.0021718961372971537
173 12.93353279800067 2.0219352865069593e-06 0.0023978549633175135 0.0013876539655029775
174 13.00723090199972 1.326364717897377e-06 0.001608627624809742 0.001606791503727436
175 13.036450879000768 1.3288925620713598e-06 0.0015685020387172699 0.0016262713260948658
176 12.23480796900003 1.939867362921177e-06 0.002156626522541046 0.0023301343992352484
177 11.596825747999901 1.492967838316872e-06 0.0017986145205795764 0.0017880399338901043
178 12.119221811999523 1.5839899037928261e-06 0.0016774476822465658 0.0015592803247272968
179 13.235052256000927 1.5349686935905992e-06 0.0018310694359242915 0.002881980501115322
180 13.064004695999756 1.744975036217511e-06 0.0021264735516160725 0.0018517595529556274
181 12.860307799999646 1.919671188090888e-06 0.0021312288623303176 0.002404194101691246
182 12.742510223000863 2.09556154686652e-06 0.00240531899780035 0.0020217523723840714
183 12.692873828000302 1.794261181089496e-06 0.0020438002832233906 0.00183378916233778
184 11.989588247999563 1.7560856423415315e-06 0.0019494841862469912 0.0023008196428418158
185 12.407263147999402 1.388925363414728e-06 0.0017703674007207156 0.003115980476140976
186 11.18263504800052 2.015034526152704e-06 0.0023298799600452186 0.0015065492130815982
187 11.050793413000065 1.223218859820463e-06 0.0015172383338212967 0.0017483199574053288
188 11.636152639999636 1.7593122331049925e-06 0.0019910003915429115 0.0017721913382411003
189 12.860226733999298 1.2203073129057885e-06 0.0014728603903204202 0.00255196787416935
190 13.0044563499996 2.331012026388635e-06 0.002443999854847789 0.002693435065448284
191 13.0370587540001 1.3938383190748026e-06 0.0016567083671689034 0.002638025917112827
192 13.172188485999868 1.7935553063352926e-06 0.0020823363102972507 0.0025704381987452507
193 12.960555664998537 1.868470180284021e-06 0.002304946217685938 0.0035634694993495943
194 12.833615575000294 1.8835261857930162e-06 0.0021710453256964684 0.00141661299392581
195 12.825992574998963 2.1430285369206103e-06 0.0025590237844735383 0.00265241090208292
196 11.376469505999921 1.7467068153109723e-06 0.0020234680119901897 0.0027212024107575415
197 11.532071363000796 2.2184178885709115e-06 0.002554573219269514 0.0023327207192778586
198 12.643856320999475 1.8466623765789336e-06 0.0022793517373502254 0.0015170362032949924
199 12.628874935000567 2.3043895862429054e-06 0.00237779938057065 0.003985994383692741
200 12.78820022599939 1.2123829154120358e-06 0.0015519337579607963 0.0012030553445219994
201 12.750677083999108 7.718724953065247e-07 0.0009550209753215313 0.0011666661687195301
202 13.125580212999921 8.090016299888703e-07 0.000967115675099194 0.0009929165802896023
203 13.10675050899954 7.842669369040323e-07 0.0009730322854593396 0.0009659952577203512
204 13.195391481000115 8.972876257473672e-07 0.0011355260005220772 0.0011353546474128962
205 12.516152260999661 8.096301215232415e-07 0.001004849166609347 0.0010386476665735244
206 11.782712512000217 8.261679204224492e-07 0.0009953291863203048 0.0010665209591388702
207 12.020780815999387 9.063438274381497e-07 0.0011966793406754733 0.0011241265758872032
208 13.466041575999043 9.308868843049823e-07 0.0011795328687876463 0.001011888924986124
209 13.373186350998367 8.223683080643696e-07 0.0010041617210954428 0.001045864336192608
210 13.258851758999299 9.503139077082778e-07 0.0013053220650181174 0.0017213336192071437
211 13.687184686999899 9.250811855565644e-07 0.0011934545887634159 0.0011984136141836644
212 13.880038184001023 7.794068741873161e-07 0.00095804781652987 0.0012029079534113408
213 13.325235227999656 9.109061147682951e-07 0.0011121331192553044 0.0015071799606084823
214 12.831867873999727 9.542121077288357e-07 0.0013169006705284118 0.0016476832889020443
215 12.241764974000034 8.240835452966166e-07 0.0010475439298897981 0.0018904469907283783
216 12.006841664000603 8.58438792903371e-07 0.001138274651952088 0.001476218104362488
217 12.41632700900118 8.539255168216187e-07 0.0011415209248661995 0.00117287153378129
218 13.42322064399923 7.861953586996151e-07 0.0010213414803147316 0.0009129386674612761
219 12.809153653999601 1.0547173627628581e-06 0.0014028293583542109 0.0012970300950109958
220 12.917505139999776 9.365541927763843e-07 0.00132154337503016 0.0010609325300902127
221 13.236109228000714 7.96987954032602e-07 0.0009780881591141225 0.0010967906191945076
222 12.977604726998834 7.833749023689052e-07 0.0009436291698366404 0.0009706354793161154
223 13.115926519998538 9.028375905018038e-07 0.0011381283765658737 0.0009716022107750178
224 13.241605631999846 7.90181912719845e-07 0.0010294002937152982 0.0013078070804476737
225 11.64151314999981 1.0459145411800819e-06 0.0015031023137271405 0.0012987989000976085
226 11.69740049900065 9.562788773109788e-07 0.0013642037324607373 0.001121158916503191
227 13.487125753999862 9.155514086955918e-07 0.0012374678421765565 0.0016730411350727081
228 13.643984438998814 7.602027550035472e-07 0.0009829314863309265 0.001430479772388935
229 13.339303729000676 9.178819027511053e-07 0.0012375028319656848 0.001531444452702999
230 13.79807587400137 9.866278409731422e-07 0.0013886861503124236 0.0018658685684204103
231 13.170794421999744 7.870800303066971e-07 0.0010096290176734328 0.0019411657378077508
232 13.239698311999746 9.595139658813423e-07 0.0012527118688449264 0.0012593638710677623
233 13.401548047999313 9.790004565957134e-07 0.0013757248483598232 0.0016631968878209591
234 12.786873703998936 9.225313846172867e-07 0.0013355092890560626 0.0011090223956853151
235 11.79806076999921 1.249986207199072e-06 0.0016568803060799837 0.0013185872696340085
236 12.046306657999594 8.598114479241303e-07 0.0013156929202377797 0.0011479608342051507
237 13.104358098999 8.352864114158364e-07 0.0010970464302226901 0.0014525182358920575
238 13.032112546999997 7.038875419596024e-07 0.000939211443066597 0.0012473545968532563
239 13.310387366000214 7.205781838592884e-07 0.0009460791992023588 0.0009883508551865815
240 13.937380506999034 8.247772467484537e-07 0.0011701503740623594 0.0019210797548294067
241 13.635820895999132 9.387258825199751e-07 0.0014127770885825157 0.0013678289391100406
242 13.799316397999064 8.68008712586743e-07 0.0011563808834180237 0.0010110812075436115
243 13.605643484999746 9.183754242769737e-07 0.001241141989827156 0.0012563349865376949
244 13.156213034999382 8.717284029557959e-07 0.00117418191768229 0.0016841244511306287
245 12.448516572998415 8.028892817435462e-07 0.001088872562162578 0.0013051316514611244
246 12.503635581999333 8.961590103240269e-07 0.0012645935397595167 0.0017094464600086211
247 13.59927259199867 9.261672846605506e-07 0.0014417531229555607 0.001665467545390129
248 14.09086376599953 8.761780739519054e-07 0.0013244556160643696 0.0010276221949607133
249 13.748696627000754 7.75976565705605e-07 0.0011027532489970326 0.0009499397128820419
250 13.480555328000264 6.038971149280315e-07 0.0007412384627386927 0.0007882361300289631
251 14.104109149999204 5.717572982177898e-07 0.0007091748546808959 0.0009754354413598775
252 14.177966626999478 5.98923414258934e-07 0.0007426046608015895 0.00100065927952528
253 13.738324361000195 5.69108779231442e-07 0.0007025786507874728 0.0009704925492405891
254 12.374709884999902 5.91472205613286e-07 0.0007337594628334046 0.0008057783357799053
255 11.947211312000945 6.001626851315222e-07 0.000752077728509903 0.0008919616602361203
256 12.25843192100001 5.732545733394545e-07 0.0007498061629012227 0.0008999153506010771
257 13.22051466099947 5.753036685263168e-07 0.0007284275908023119 0.0009302270226180554
258 13.610131598999942 5.870355315096276e-07 0.0007300552250817418 0.0011391860619187355
259 13.368953645998772 6.132598669239541e-07 0.000785184352658689 0.0009120410587638617
260 13.48734657299974 6.132800263713988e-07 0.0007932666363194584 0.00103459095582366
261 13.649374789998546 6.450936017188269e-07 0.0008667877214029432 0.0009486427437514067
262 13.602717559999292 6.227256326951647e-07 0.0008395340209826827 0.0009651801642030478
263 13.417758880999827 6.400254672911387e-07 0.0007971358336508274 0.001011140262708068
264 12.541277786000137 6.107396303889346e-07 0.0008730282355099917 0.0012234058231115341
265 12.494507519999388 5.935996171047009e-07 0.0008098767334595322 0.0008931262418627739
266 13.59274602699952 6.075649135084404e-07 0.0007856259224936366 0.000868465369567275
267 13.614435934998255 5.817686124487408e-07 0.0007211971431970596 0.0010725617036223413
268 13.12256477900155 5.814494380018687e-07 0.0007270466703921556 0.0009073271043598652
269 13.120468869999968 5.764261139518112e-07 0.0006894882367923855 0.0010085488576442004
270 13.31868947500152 5.883647285997995e-07 0.0007914745612069965 0.0010926837287843227
271 13.238289418999557 5.936622832791727e-07 0.0007444554390385747 0.0008898617513477803
272 13.217714907999834 5.992234133600504e-07 0.0008175364462658762 0.0009015387296676635
273 13.119108754999615 5.82742841359618e-07 0.0007132365796715021 0.0008398763183504343
274 11.601647514000433 5.560296293793953e-07 0.0006822903594002127 0.0008282450400292873
275 11.821767698000258 6.108546074301558e-07 0.0008607738818973302 0.0008614668715745211
276 12.736963642000774 6.012375182251617e-07 0.0008362371958792209 0.0012198067270219326
277 13.250900450999325 5.93558022572438e-07 0.0008005506880581379 0.0009078689757734537
278 13.233168491999095 5.61680443951218e-07 0.0006939037013798952 0.0008376621827483178
279 13.263541786000133 5.827683068559963e-07 0.0008152472199872136 0.0012067420221865176
280 13.072058489000483 6.604024456180468e-07 0.0008714347016066313 0.0010830245539546013
281 13.25634215699938 5.584110287770727e-07 0.0007816561264917254 0.0008656186982989311
282 13.60867087800034 5.377206487366948e-07 0.0007112087812274694 0.0008110407460480928
283 13.02832834199944 5.360470848359e-07 0.000632635467685759 0.0008451042324304581
284 12.24753180100015 5.573957321303169e-07 0.0007239621076732874 0.0008109196089208127
285 12.882769449999614 5.89466598199806e-07 0.0008159649521112442 0.0010879063792526723
286 13.732039143000293 5.835324054004332e-07 0.0008018853375688195 0.0007989443093538285
287 13.38713948899931 5.436619515108986e-07 0.0007084536645561456 0.0008617862686514854
288 12.914369948999592 5.466258240005573e-07 0.0007161827627569438 0.0008310582768172026
289 13.116113311001754 6.058395846508801e-07 0.0007247048988938331 0.0009779816679656506
290 13.636940025000513 5.559561574841609e-07 0.0008000545371323824 0.0007965309545397758
291 13.533818737001639 5.409484882079596e-07 0.0006713351001963019 0.0007950053550302982
292 13.656648412001232 5.471102752352408e-07 0.0007179981926456094 0.0008028805628418922
293 13.27368600400041 5.581271877019844e-07 0.0007311622928828001 0.0008321503084152937
294 13.172022246999404 5.813393080700279e-07 0.0008098511947318912 0.0008461070992052555
295 12.886526923999554 6.385348000037539e-07 0.0008845426104962825 0.0009291152842342853
296 12.684512802999961 5.667721380575586e-07 0.000768133495002985 0.0007935525104403496
297 12.99547329699999 5.559322029569102e-07 0.0006890719821676612 0.0007871305011212825
298 13.302863395001623 5.355561263087339e-07 0.0006609569704160095 0.0007950306870043277
299 13.363315737000448 5.492157823283605e-07 0.0007425649128854274 0.0011339794285595416
300 12.994148527001016 5.301580853256382e-07 0.0006640361128374934 0.0008190890401601792
301 13.504756725000334 4.950891361232834e-07 0.0006099549839273095 0.0007802671939134598
302 13.52556893900146 4.929074398063448e-07 0.0005971689289435744 0.000765634709969163
303 13.356850563999615 5.029265862788179e-07 0.0005941517315804958 0.0007565047964453697
304 13.570312298999852 4.893382882187325e-07 0.0005818149177357555 0.0007480928022414446
305 13.750618472999122 5.007686746694162e-07 0.0005868911277502776 0.0007519494090229273
306 13.951912680000532 4.963082512432493e-07 0.0005929316468536854 0.000745041910558939
307 13.92386235900085 5.146144462742086e-07 0.0006083938563242555 0.0009297433122992516
308 12.993056895000336 4.885056804226906e-07 0.0005833067344501615 0.0007280347775667906
309 12.842158376999578 4.958414982780824e-07 0.0005848046317696572 0.0007501129526644945
310 13.460825475000092 4.858991845679839e-07 0.0005712430952116847 0.0007684394810348749
311 14.179957469001238 5.098937505465528e-07 0.0006088913837447763 0.0007306097354739904
312 14.251684212998953 4.909473106096129e-07 0.0005857465397566557 0.0007286836393177509
313 14.533513140999275 4.946321469745385e-07 0.0006150386659428477 0.000749505115672946
314 14.428810130000784 5.023361968170548e-07 0.0006173814758658409 0.0009057087078690528
315 14.05763940900033 4.920871376157265e-07 0.0005958405267447233 0.000733223045244813
316 14.200228010000501 4.918904574680028e-07 0.0005996466549113393 0.0007785140629857778
317 13.984890574998644 4.938706931056913e-07 0.0006026716437190771 0.0009247272461652755
318 13.761425914999563 5.263166519142715e-07 0.0006785758137702942 0.000765407606959343
319 13.890853168999456 4.835747638765042e-07 0.0005989878959953785 0.0008205889537930489
320 13.431416493000143 4.987961897029436e-07 0.0006320081278681756 0.0007690777257084847
321 13.827730736000376 4.977730515776102e-07 0.0005984020484611392 0.0007485090289264917
322 13.930971804000365 4.881519866728468e-07 0.0006000876976177096 0.0007354821916669607
323 14.16590080899914 4.913245313531434e-07 0.0005868089133873582 0.0008162181824445724
324 14.046481302999382 4.957021571527775e-07 0.0005929406587965786 0.000891142301261425
325 13.972144352999749 5.021869766608234e-07 0.0006204551942646504 0.000740884505212307
326 13.9710926810003 4.903315313953271e-07 0.0005838179178535938 0.000791142787784338
327 13.972740445000454 4.951821151166768e-07 0.0005948434956371784 0.000833167377859354
328 13.916961300999901 4.899193069718422e-07 0.0005804114090278745 0.0007188306376338005
329 14.124283354 4.836242868577756e-07 0.000615495732985437 0.0007755410112440586
330 13.862714483999298 4.922557868525245e-07 0.0005877819848246872 0.0007149802893400192
331 13.687998622999658 4.862142831996152e-07 0.0005816067215055228 0.0007689202018082142
332 14.819947662999766 4.896933917564183e-07 0.0006099868845194579 0.0007148457318544388
333 15.240684251999483 5.067557839311121e-07 0.0006115425806492567 0.0007249752152711153
334 14.988503544000196 4.802468932751935e-07 0.0005672227889299393 0.0007469814084470273
335 14.92277803900106 4.979874491795044e-07 0.0005820096675306558 0.0007347401976585388
336 14.12062153900115 5.065471263066002e-07 0.0006049871910363436 0.0007854371238499879
337 14.255257445998723 4.736074422950765e-07 0.0005664736032485962 0.0007390427496284246
338 14.37891248699998 4.7237690125712107e-07 0.0005898487633094192 0.0007932419423013926
339 14.52020673700099 4.880402258322647e-07 0.0005813006684184074 0.000785805881023407
340 13.772272389000136 4.84714114605822e-07 0.0005990767339244485 0.0007583710458129644
341 14.110709270998996 5.123387376926302e-07 0.0006693170228973031 0.0009433470759540796
342 14.224730335999993 4.857888929166165e-07 0.000648959650658071 0.0007195473928004503
343 14.631642123998972 4.768625243656288e-07 0.0006131298672407866 0.0007422331068664789
344 14.558235062999302 4.892585610249966e-07 0.0006087841615080833 0.000807369202375412
345 14.41365813899938 4.82332477389491e-07 0.000566242585889995 0.0007164481375366449
346 14.11016738699982 4.946447902653972e-07 0.0005825342419557274 0.0008260947372764349
347 14.20541930699983 4.874553233236156e-07 0.0006413691705092788 0.0009272061288356781
348 15.152092350999737 4.839179784710268e-07 0.0006528714038431645 0.00087966981343925
349 14.171555703000195 4.773251142609069e-07 0.0005721961613744497 0.0007902080286294222
350 14.29930658000012 4.5742421242778166e-07 0.0005360410679131747 0.0007224656455218792
351 14.35936681000021 4.594473966079704e-07 0.0005240001273341477 0.0006898421607911587
352 14.783950397999433 4.623740967701906e-07 0.0005275535518303513 0.0007206558622419834
353 14.617743360000532 4.5806736601150535e-07 0.0005497156456112862 0.0007255225256085396
354 14.055008946999806 4.624381868012506e-07 0.0005253849271684885 0.000729104233905673
355 13.795090088999132 4.6174473858684453e-07 0.0005529378498904407 0.0006944484729319811
356 13.784207390999654 4.71646462898434e-07 0.0005446312557905912 0.0007731028646230698
357 13.668720061001295 4.6606923579162187e-07 0.000516329531557858 0.0006988557800650597
358 13.687498728000719 4.6367005985814557e-07 0.0005253481692634522 0.0007003496773540974
359 13.388954703999843 4.5079563609107254e-07 0.0005268441122025251 0.0006865276210010052
360 12.84071861800112 4.5750107670272654e-07 0.0005263956282287836 0.0007271047681570054
361 12.941671021999355 4.5761149735312757e-07 0.00054023851826787 0.000706622963771224
362 13.313665628000308 4.5675286891366796e-07 0.0005259594032540918 0.000759235005825758
363 13.71764166399953 4.817726166095326e-07 0.0005454922602511943 0.0007783161941915751
364 13.57160324799952 4.513599509436972e-07 0.0005364654483273625 0.0007272165175527335
365 13.498091451998334 4.526343494859475e-07 0.0005353239225223661 0.0006964404694736004
366 13.712440637000327 4.57819212833499e-07 0.0005251245931722224 0.0007054091058671475
367 13.98626764599976 4.477122720203397e-07 0.0005374179920181632 0.0006901904102414847
368 14.277869940999153 4.712818025609522e-07 0.0005337114725261926 0.0006912652682512999
369 14.322970601999259 4.4574209539405275e-07 0.0005267965653911233 0.00071116060949862
370 13.940111652000269 4.6043860198352603e-07 0.0005557952611707151 0.0007118711061775685
371 13.658912154000063 4.6342670650290075e-07 0.0005226960177533329 0.0007118404563516378
372 13.997521253000741 4.574190791828414e-07 0.0005172422612085938 0.0006915364693850279
373 14.261106272000688 4.5424772487479004e-07 0.00052932892087847 0.0007334062084555626
374 14.485545462001028 4.560450880575218e-07 0.0005405430570244789 0.0006882549449801445
375 15.22523108399946 4.628154549379815e-07 0.0005216189213097096 0.00068554169498384
376 15.13002935700024 4.513443025899733e-07 0.0005380033641122281 0.0006991225853562355
377 14.959470586998577 4.439048717586047e-07 0.0005249657719396055 0.0007174584735184908
378 14.110229742998854 4.5914446449302205e-07 0.0005356404227204621 0.0008058827184140682
379 14.020145725000475 4.708452367907512e-07 0.0005605467744171619 0.0006969361659139395
380 13.375220855999942 4.499049720507742e-07 0.0005161146172322332 0.0006963174417614937
381 13.406812610999623 4.6679074444000435e-07 0.0005292783314362168 0.0006779490550979972
382 13.756785531000787 4.606674143303735e-07 0.0005224985941313207 0.0006864469591528178
383 13.749089998000272 4.474564163103878e-07 0.0005347805600613355 0.0006837895838543772
384 13.789345080000203 4.5824227377977424e-07 0.0005148286651819944 0.0006889524031430483
385 13.77218521100076 4.508320609275529e-07 0.000515586354304105 0.0007416659686714411
386 14.264948710999306 4.649208483442635e-07 0.0005419836174696684 0.0007185353804379702
387 14.164462787000957 4.5601420502805466e-07 0.0005246417629532516 0.0007201462611556053
388 14.106813496999166 4.6284400099239067e-07 0.0005245298873633146 0.0006983128935098648
389 14.036383908000062 4.476334503067392e-07 0.0005209206915460526 0.0007337879575788974
390 13.745585140000912 4.5826779775381966e-07 0.0005430008773691952 0.000710890181362629
391 13.560600655999224 4.595585316735651e-07 0.0005334051339887083 0.0006894711405038834
392 13.582831530999101 4.544715640264485e-07 0.0005246020113117993 0.0006905059982091189
393 13.307094720999885 4.5936226797493876e-07 0.000536940882448107 0.0006793674733489752
394 13.62277942199944 4.5649913488432503e-07 0.0005313624418340624 0.0006929106637835503
395 13.859293478999462 4.5084135606998644e-07 0.0005231404812075197 0.0006700379820540548
396 14.020621719000701 4.4796817018522005e-07 0.0005177140324376523 0.0007106471713632345
397 13.939167976001045 4.4940295254036753e-07 0.0005261752805672586 0.0006938190944492817
398 13.905700242999956 4.5215544428600653e-07 0.0005289914626628161 0.0006771770631894469
399 14.032426843999929 4.5768843548898985e-07 0.0005330968671478331 0.0007481496408581734
400 13.375440645000708 4.4592081540173465e-07 0.0005118871363811194 0.0006846989970654249
401 13.637259991000974 4.409348507294908e-07 0.000493811811786145 0.0006675731483846903
402 13.444326705999629 4.425817513720176e-07 0.0004918713485822082 0.0006877756677567959
403 13.541047947001061 4.375492796171443e-07 0.0004993263403885067 0.000696603637188673
404 13.158902781000506 4.4595974014072226e-07 0.0004979344843886792 0.0006654739147052169
405 13.168632913000692 4.432611309823642e-07 0.00048531639343127607 0.0006847799150273204
406 13.35827142600101 4.323187804189388e-07 0.0004893282628618181 0.0006783477682620287
407 13.85221862599974 4.39404920200559e-07 0.0004928014534525574 0.0007059094682335854
408 14.194280624000385 4.4176791710981436e-07 0.0004914691499434411 0.0006712262565270066
409 14.503502456000206 4.3910364329491357e-07 0.00048738812003284695 0.0006770260259509087
410 14.163855811999383 4.3939287657224214e-07 0.0004888372235000133 0.0006779220513999462
411 13.752876177999497 4.3379490840322885e-07 0.0004935292080044747 0.0006726078689098358
412 13.6211245960003 4.419451925130602e-07 0.0004958635368384421 0.0006682263966649771
413 13.939827287998924 4.3664422641143117e-07 0.0004930155980400741 0.0006856151483952999
414 13.690812666000056 4.323992751764649e-07 0.0004998239576816559 0.000664704623632133
415 13.574785177001104 4.4640441963395007e-07 0.000525405874941498 0.0006781671661883592
416 13.58580571300081 4.3944878100887765e-07 0.0005059040682390332 0.0006705742236226797
417 13.697592255999552 4.356623620793698e-07 0.0004927060012705624 0.0006760933063924313
418 13.480988352999702 4.394065241442036e-07 0.0004915152038447558 0.0006719299824908375
419 13.742769390999456 4.413217281751258e-07 0.000495766275562346 0.0006698417151346802
420 13.686431624999386 4.429402724781539e-07 0.0004923808733001352 0.0006695110863074661
421 13.087834648998978 4.3869858750156255e-07 0.0004888593968935311 0.0006896552629768848
422 13.183624719000363 4.4729644500307585e-07 0.0005055618355982005 0.0006780630629509688
423 13.643839475000277 4.4004540832531803e-07 0.0004931785063818097 0.0006797527428716421
424 13.529628666999997 4.393360345034125e-07 0.0004957017069682479 0.0006753412401303649
425 13.257889616999819 4.3848142631475186e-07 0.0004924656855873763 0.0006627876916900277
426 13.263467959000991 4.381652586360474e-07 0.0004919948801398277 0.0006618600012734532
427 13.200178731000051 4.389503822643803e-07 0.0004942450015805661 0.0006684864452108741
428 13.201080984999862 4.418537739070416e-07 0.0004883560985326767 0.0006666516326367855
429 13.587267327999143 4.4320700162359114e-07 0.0004946424248628319 0.0006649980647489428
430 13.264143313999739 4.392585743673294e-07 0.00048786669969558716 0.000661209374666214
431 12.491120052000042 4.392477455184007e-07 0.0004883304284885526 0.00066258380189538
432 12.469946228999106 4.327741236309635e-07 0.0004849447086453438 0.0006771365180611611
433 12.993239417999575 4.458835751108836e-07 0.0004882504036650062 0.0006739749992266298
434 13.083276479001142 4.395506370613589e-07 0.0005005133617669344 0.0006944178231060505
435 13.323203146001106 4.4216443498612537e-07 0.000493680224288255 0.0006736711505800486
436 13.485011241000393 4.430172248959252e-07 0.0004965465683490038 0.0006534449150785804
437 13.290529609001169 4.372929037543827e-07 0.0004900272097438573 0.0006873697228729725
438 13.550281062998693 4.346304477920171e-07 0.0004917215215973556 0.0006665215641260147
439 13.524605200000224 4.449486941027203e-07 0.0004954674649052322 0.0006620965106412768
440 13.430327276000753 4.3069438522280733e-07 0.00048313515540212394 0.0006634738482534885
441 13.020094815999983 4.383680237651788e-07 0.00048686121637001636 0.000686096390709281
442 12.71348077499897 4.3326063000392876e-07 0.0004899324625730515 0.0006749901920557022
443 13.335429970000405 4.329670842651012e-07 0.0004979717968963086 0.0006571409571915865
444 13.65929291500106 4.4039867127310115e-07 0.000488803684245795 0.0006876263674348592
445 13.510130026999832 4.3624397527253223e-07 0.0004905768604949117 0.0006745271850377322
446 13.792553374998533 4.321410011343119e-07 0.0004985079690814019 0.0006746679265052081
447 13.473245043998759 4.3048789144961574e-07 0.0004856857652775943 0.0006857478246092796
448 13.222286731999702 4.3734700923891976e-07 0.0005006968867965043 0.0006571123423054814
449 13.52456605900079 4.3547132786869726e-07 0.0004849620792083442 0.0006740028411149979
450 13.432522278999386 4.314533705596091e-07 0.0004777224445715547 0.0006657776376232505
451 13.018048732999887 4.288086237380639e-07 0.00047637863224372267 0.0006704066786915063
452 12.751988423000512 4.311528509504115e-07 0.00047317042388021947 0.0006553266476839781
453 13.010294002999217 4.2751166979826393e-07 0.000475471758749336 0.0006552952434867621
454 13.705835455000852 4.302306526682287e-07 0.0004747445834800601 0.000654509412124753
455 13.761779325001044 4.280862492578308e-07 0.0004752913727425039 0.0006570138735696674
456 13.739187285998923 4.271026925906085e-07 0.00047159166680648925 0.0006607057293877006
457 13.972658353999577 4.3383319585643677e-07 0.000474084020126611 0.0006529875937849283
458 13.742707393001183 4.3280904961306986e-07 0.00047338678548112514 0.0006622736249119043
459 13.64806442200097 4.3176559277213756e-07 0.0004746329728513956 0.0006525466870516539
460 13.581082000000606 4.3032638931350674e-07 0.0004721271088346839 0.0006536435056477785
461 13.11138885299988 4.3359595338188227e-07 0.0004774412252008915 0.0006569794239476323
462 12.921474585000396 4.2696510718087664e-07 0.0004737708475440741 0.0006542577780783176
463 13.443974015999629 4.27559928617427e-07 0.00047607787931337953 0.0006531280931085348
464 14.11540120599966 4.2974676993878803e-07 0.0004731509676203132 0.0006682036118581891
465 13.791889992999131 4.298886008058389e-07 0.0004784493618644774 0.000662429858930409
466 13.40549753599953 4.350418174681181e-07 0.00047848180262371895 0.0006648533325642347
467 13.489101943001515 4.306345487137264e-07 0.0004754982623271644 0.0006534646125510335
468 13.356857570001011 4.286956223609195e-07 0.00047119411313906314 0.0006562715349718928
469 13.438361831000293 4.2613470689900624e-07 0.00047288882406428456 0.0006576657388359308
470 13.548363661000622 4.2924969953617167e-07 0.000477093658875674 0.0006550429342314601
471 13.465148496999973 4.3003479124337216e-07 0.0004717094986699522 0.0006514510605484247
472 12.985199370999908 4.2588374153496035e-07 0.0004733933582901955 0.0006587661895900965
473 13.036863359000563 4.318949445902831e-07 0.0004718277123756707 0.0006652160361409188
474 13.58999575999951 4.27018634070464e-07 0.0004737935694865882 0.0006503326818346977
475 13.57350134599983 4.282587937964877e-07 0.0004716864237561822 0.0006555962003767491
476 13.367736881000383 4.277782782580175e-07 0.0004722681394778192 0.0006551551027223468
477 13.133684308999364 4.311137190882164e-07 0.0004772629868239164 0.0006517821038141846
478 13.62996484299947 4.2634021372833787e-07 0.00047165894554927946 0.0006556545104831458
479 13.815135707000081 4.290176502763643e-07 0.00047208831273019315 0.0006641685450449586
480 13.940017408998756 4.2981008142817244e-07 0.00047165969107300045 0.000651309322565794
481 13.98548606699842 4.2658852017041227e-07 0.00047070475621148944 0.0006534773344174027
482 13.435293951000858 4.242165469747761e-07 0.0004720987458713353 0.0006549516599625349
483 13.426151730000129 4.299035591515121e-07 0.00047317722765728834 0.0006529355840757489
484 13.654616451998663 4.276705091044164e-07 0.00047645487356930973 0.0006542708864435554
485 13.757916595999632 4.2885793998692635e-07 0.0004780970010906458 0.0006495428783819079
486 13.511583654999413 4.2714078954730896e-07 0.0004707666877657175 0.0006583678955212236
487 13.571675130000585 4.268244586569381e-07 0.00046899998933076857 0.0006497820699587465
488 13.644374134999453 4.2501635313385575e-07 0.0004734835126437247 0.000658309580758214
489 13.725103103999572 4.279116124905613e-07 0.0004715300002135336 0.000649341931566596
490 13.50206310700014 4.2818400448396687e-07 0.0004754622303880751 0.0006536608841270209
491 13.553126441998756 4.2937235885887046e-07 0.000471873180475086 0.0006496885651722551
492 13.496289958999114 4.2994866845447176e-07 0.000474823045078665 0.0006517724832519889
493 13.36445839499902 4.3088869734475565e-07 0.0004749236484058201 0.0006515733245760203
494 13.514074048000111 4.2724213198397367e-07 0.00047539894143119453 0.0006576589774340391
495 14.090327406998767 4.272859333909196e-07 0.00047436515986919403 0.0006529386388137937
496 13.95341998799995 4.2705915731744426e-07 0.00047288364032283426 0.0006541937636211514
497 14.013553349999711 4.2914714988739887e-07 0.00047062535909935834 0.000647426676005125
498 14.12439572599942 4.3093888930201273e-07 0.0004677225328050554 0.0006516792438924313
499 14.661782721001146 4.299453701150924e-07 0.0004741778844036162 0.0006576024135574698
