0.000000e+00
1.881238e-01
3.740231e-01
5.555059e-01
7.304436e-01
8.968022e-01
1.052672e+00
1.196293e+00
1.326082e+00
1.440654e+00
1.538842e+00
1.619711e+00
1.682574e+00
1.726995e+00
1.752800e+00
1.760074e+00
1.749155e+00
1.720635e+00
1.675340e+00
1.614324e+00
1.538842e+00
1.450337e+00
1.350412e+00
1.240805e+00
1.123360e+00
1.000000e+00
8.726935e-01
7.434248e-01
6.141627e-01
4.868295e-01
3.632713e-01
2.452294e-01
1.343138e-01
3.197875e-02
-6.049913e-02
-1.420395e-01
-2.117740e-01
-2.690581e-01
-3.134796e-01
-3.448633e-01
-3.632713e-01
-3.690003e-01
-3.625743e-01
-3.447340e-01
-3.164226e-01
-2.787683e-01
-2.330638e-01
-1.807432e-01
-1.233567e-01
-6.254271e-02
-1.224647e-16
6.254271e-02
1.233567e-01
1.807432e-01
2.330638e-01
2.787683e-01
3.164226e-01
3.447340e-01
3.625743e-01
3.690003e-01
3.632713e-01
3.448633e-01
3.134796e-01
2.690581e-01
2.117740e-01
1.420395e-01
6.049913e-02
-3.197875e-02
-1.343138e-01
-2.452294e-01
-3.632713e-01
-4.868295e-01
-6.141627e-01
-7.434248e-01
-8.726935e-01
-1.000000e+00
-1.123360e+00
-1.240805e+00
-1.350412e+00
-1.450337e+00
-1.538842e+00
-1.614324e+00
-1.675340e+00
-1.720635e+00
-1.749155e+00
-1.760074e+00
-1.752800e+00
-1.726995e+00
-1.682574e+00
-1.619711e+00
-1.538842e+00
-1.440654e+00
-1.326082e+00
-1.196293e+00
-1.052672e+00
-8.968022e-01
-7.304436e-01
-5.555059e-01
-3.740231e-01
-1.881238e-01
-7.347881e-16
