-2.527803e-03
1.454159e-01
3.106486e-01
4.895088e-01
6.740836e-01
8.590459e-01
1.036408e+00
1.199860e+00
1.341456e+00
1.463138e+00
1.561463e+00
1.637176e+00
1.692312e+00
1.728051e+00
1.746450e+00
1.748565e+00
1.735517e+00
1.707404e+00
1.665245e+00
1.608541e+00
1.538074e+00
1.454402e+00
1.357269e+00
1.249543e+00
1.131009e+00
1.005775e+00
8.751000e-01
7.426541e-01
6.100975e-01
4.810947e-01
3.569862e-01
2.407025e-01
1.315713e-01
3.085259e-02
-5.896196e-02
-1.394133e-01
-2.085257e-01
-2.657454e-01
-3.113697e-01
-3.434827e-01
-3.630880e-01
-3.696137e-01
-3.638991e-01
-3.459232e-01
-3.173879e-01
-2.793565e-01
-2.331012e-01
-1.801784e-01
-1.226402e-01
-6.187823e-02
8.130372e-04
6.307200e-02
1.240214e-01
1.816174e-01
2.338549e-01
2.799512e-01
3.180589e-01
3.463704e-01
3.645398e-01
3.707118e-01
3.646383e-01
3.452001e-01
3.129580e-01
2.677623e-01
2.108414e-01
1.412065e-01
6.190208e-02
-2.886674e-02
-1.293870e-01
-2.384636e-01
-3.549140e-01
-4.784630e-01
-6.068900e-01
-7.398635e-01
-8.730475e-01
-1.003989e+00
-1.130502e+00
-1.248556e+00
-1.356476e+00
-1.453119e+00
-1.536603e+00
-1.606645e+00
-1.662551e+00
-1.704710e+00
-1.732827e+00
-1.746448e+00
-1.745074e+00
-1.728086e+00
-1.693040e+00
-1.639141e+00
-1.564036e+00
-1.466313e+00
-1.344202e+00
-1.199989e+00
-1.033315e+00
-8.539180e-01
-6.652132e-01
-4.791990e-01
-3.010813e-01
-1.386424e-01
3.381640e-03
