-4.083775e-04
1.498595e-01
3.161457e-01
4.958535e-01
6.826242e-01
8.658898e-01
1.041306e+00
1.200406e+00
1.341121e+00
1.459910e+00
1.556655e+00
1.632774e+00
1.689364e+00
1.727940e+00
1.749458e+00
1.754710e+00
1.744008e+00
1.716912e+00
1.673088e+00
1.613337e+00
1.537167e+00
1.447039e+00
1.345123e+00
1.232807e+00
1.114483e+00
9.921270e-01
8.679489e-01
7.429747e-01
6.195007e-01
4.952872e-01
3.736193e-01
2.538166e-01
1.392573e-01
3.230003e-02
-6.570348e-02
-1.516264e-01
-2.233407e-01
-2.807036e-01
-3.230194e-01
-3.507592e-01
-3.646422e-01
-3.663693e-01
-3.570539e-01
-3.377482e-01
-3.101789e-01
-2.741837e-01
-2.318449e-01
-1.831357e-01
-1.286899e-01
-7.010338e-02
-8.054938e-03
5.538819e-02
1.185609e-01
1.788981e-01
2.337109e-01
2.816731e-01
3.204178e-01
3.486724e-01
3.654456e-01
3.699305e-01
3.620318e-01
3.418771e-01
3.086912e-01
2.636495e-01
2.067229e-01
1.374415e-01
5.768553e-02
-3.327354e-02
-1.336448e-01
-2.437636e-01
-3.610307e-01
-4.848760e-01
-6.136228e-01
-7.449276e-01
-8.763793e-01
-1.005721e+00
-1.130781e+00
-1.248753e+00
-1.357679e+00
-1.455261e+00
-1.540677e+00
-1.611544e+00
-1.668851e+00
-1.711829e+00
-1.739756e+00
-1.752336e+00
-1.749177e+00
-1.729630e+00
-1.692295e+00
-1.635905e+00
-1.559282e+00
-1.461209e+00
-1.341091e+00
-1.200771e+00
-1.040247e+00
-8.653707e-01
-6.834361e-01
-4.988787e-01
-3.205537e-01
-1.518659e-01
5.858280e-04
